0,0	23,3	
0,2	22,7	
0,5	23,4	
0,8	22,8	
1,0	23,1	
1,2	22,4	
1,5	24,0	
1,8	22,5	
2,0	23,7	
2,2	22,7	
2,5	23,9	
2,8	22,9	
3,0	24,3	
3,2	23,1	
3,5	23,9	
3,8	22,8	
4,0	23,6	
4,2	22,9	
4,5	23,6	
4,8	21,9	
5,0	23,6	
5,2	22,5	
5,5	23,8	
5,8	22,6	
6,0	23,5	
6,2	22,7	
6,5	23,8	
6,8	22,6	
7,0	24,3	
7,2	22,7	
7,5	23,8	
7,8	22,7	
8,0	23,8	
8,2	22,7	
8,5	24,7	
8,8	22,9	
9,0	24,4	
9,2	22,8	
9,5	24,5	
9,8	22,5	
10,0	23,9	
10,2	22,6	
10,5	24,4	
10,8	23,1	
11,0	24,2	
11,2	22,6	
11,5	24,5	
11,8	22,5	
12,0	24,4	
12,2	22,4	
12,5	24,8	
12,8	22,2	
13,0	23,9	
13,2	22,6	
13,5	24,0	
13,8	22,7	
14,0	23,9	
14,2	22,6	
14,5	23,5	
14,8	22,7	
15,0	23,5	
15,2	22,7	
15,5	23,4	
15,8	23,3	
16,0	23,5	
16,2	23,3	
16,5	23,4	
16,8	23,3	
17,0	23,4	
17,2	23,3	
17,5	23,4	
17,8	23,3	
18,0	23,4	
18,2	23,2	
18,5	23,4	
18,8	23,4	
19,0	23,5	
19,2	23,4	
19,5	23,5	
19,8	23,3	
20,0	23,4	
20,2	23,3	
20,5	23,5	
20,8	23,4	
21,0	23,6	
21,2	23,4	
21,5	23,7	
21,8	23,4	
22,0	23,7	
22,2	23,4	
22,5	23,5	
22,8	23,5	
23,0	23,6	
23,2	23,5	
23,5	23,5	
23,8	23,5	
24,0	23,5	
24,2	23,4	
24,5	23,5	
24,8	23,4	
25,0	23,4	
25,2	23,6	
25,5	23,5	
25,8	23,4	
26,0	23,5	
26,2	23,4	
26,5	23,6	
26,8	23,4	
27,0	23,5	
27,2	23,4	
27,5	23,5	
27,8	23,4	
28,0	23,5	
28,2	23,5	
28,5	23,5	
28,8	23,4	
29,0	23,6	
29,2	23,3	
29,5	23,5	
29,8	23,4	
30,0	23,5	
30,2	23,5	
30,5	23,6	
30,8	23,6	
31,0	23,6	
31,2	23,5	
31,5	23,3	
31,8	23,9	
32,0	23,3	
32,2	23,8	
32,5	23,9	
32,8	23,6	
33,0	23,5	
33,2	23,8	
33,5	23,3	
33,8	23,5	
34,0	23,5	
34,2	23,6	
34,5	23,7	
34,8	23,9	
35,0	23,3	
35,2	23,2	
35,5	23,2	
35,8	23,6	
36,0	23,4	
36,2	23,6	
36,5	23,7	
36,8	23,9	
37,0	23,8	
37,2	23,9	
37,5	23,8	
37,8	23,4	
38,0	22,9	
38,2	23,3	
38,5	24,1	
38,8	23,6	
39,0	23,6	
39,2	24,1	
39,5	23,8	
39,8	23,7	
40,0	23,5	
40,2	23,9	
40,5	23,4	
40,8	23,5	
41,0	23,3	
41,2	23,6	
41,5	23,1	
41,8	23,0	
42,0	23,4	
42,2	23,6	
42,5	23,5	
42,8	23,7	
43,0	24,1	
43,2	23,6	
43,5	23,3	
43,8	23,6	
44,0	23,6	
44,2	24,2	
44,5	23,6	
44,8	24,4	
45,0	24,0	
45,2	23,6	
45,5	23,4	
45,8	23,5	
46,0	23,1	
46,2	23,5	
46,5	23,6	
46,8	23,4	
47,0	23,4	
47,2	23,4	
47,5	23,2	
47,8	23,9	
48,0	24,1	
48,2	24,0	
48,5	23,4	
48,8	23,7	
49,0	23,8	
49,2	23,3	
49,5	23,8	
49,8	23,9	
50,0	23,4	
50,2	23,8	
50,5	23,8	
50,8	24,0	
51,0	23,5	
51,2	23,9	
51,5	23,4	
51,8	23,8	
52,0	24,0	
52,2	23,2	
52,5	23,7	
52,8	24,4	
53,0	23,3	
53,2	24,1	
53,5	23,2	
53,8	23,9	
54,0	23,5	
54,2	23,9	
54,5	23,5	
54,8	24,1	
55,0	23,2	
55,2	23,9	
55,5	23,6	
55,8	24,4	
56,0	23,6	
56,2	24,0	
56,5	23,6	
56,8	24,0	
57,0	23,3	
57,2	23,9	
57,5	23,2	
57,8	24,5	
58,0	23,8	
58,2	24,3	
58,5	23,3	
58,8	24,2	
59,0	23,5	
59,2	24,0	
59,5	23,5	
59,8	24,2	
60,0	23,3	
60,2	24,7	
60,5	23,4	
60,8	24,1	
61,0	23,2	
61,2	24,0	
61,5	22,9	
61,8	24,0	
62,0	23,2	
62,2	23,9	
62,5	22,9	
62,8	24,0	
63,0	23,3	
63,2	24,8	
63,5	23,7	
63,8	24,0	
64,0	22,9	
64,2	24,2	
64,5	23,3	
64,8	24,8	
65,0	23,2	
65,2	25,0	
65,5	23,8	
65,8	24,6	
66,0	22,8	
66,2	24,6	
66,5	23,3	
66,8	24,6	
67,0	23,7	
67,2	24,3	
67,5	23,5	
67,8	24,4	
68,0	23,5	
68,2	24,6	
68,5	23,2	
68,8	24,3	
69,0	23,3	
69,2	24,0	
69,5	23,4	
69,8	24,7	
70,0	23,3	
70,2	24,4	
70,5	23,7	
70,8	24,5	
71,0	23,7	
71,2	24,3	
71,5	23,5	
71,8	24,4	
72,0	23,6	
72,2	24,7	
72,5	23,3	
72,8	24,8	
73,0	23,5	
73,2	24,9	
73,5	23,4	
73,8	24,4	
74,0	22,7	
74,2	24,4	
74,5	23,1	
74,8	24,8	
75,0	22,9	
75,2	25,0	
75,5	23,1	
75,8	24,7	
76,0	23,8	
76,2	24,5	
76,5	23,2	
76,8	24,6	
77,0	23,0	
77,2	24,4	
77,5	22,6	
77,8	24,8	
78,0	23,1	
78,2	24,0	
78,5	23,4	
78,8	24,5	
79,0	23,2	
79,2	24,4	
79,5	23,4	
79,8	24,1	
80,0	23,2	
80,2	24,0	
80,5	23,1	
80,8	24,2	
81,0	23,5	
81,2	24,0	
81,5	23,5	
81,8	24,5	
82,0	23,3	
82,2	24,2	
82,5	23,6	
82,8	25,0	
83,0	23,7	
83,2	24,1	
83,5	23,5	
83,8	24,8	
84,0	23,3	
84,2	24,7	
84,5	23,5	
84,8	24,8	
85,0	23,0	
85,2	24,5	
85,5	23,1	
85,8	24,7	
86,0	23,3	
86,2	24,3	
86,5	23,6	
86,8	25,1	
87,0	23,3	
87,2	24,8	
87,5	23,5	
87,8	24,5	
88,0	23,8	
88,2	24,0	
88,5	22,8	
88,8	24,5	
89,0	23,7	
89,2	24,1	
89,5	23,5	
89,8	24,3	
90,0	23,3	
90,2	24,0	
90,5	23,7	
90,8	24,5	
91,0	23,8	
91,2	24,2	
91,5	23,6	
91,8	24,2	
92,0	23,3	
92,2	24,4	
92,5	23,9	
92,8	24,4	
93,0	23,7	
93,2	24,4	
93,5	23,5	
93,8	24,8	
94,0	22,6	
94,2	24,4	
94,5	23,8	
94,8	24,4	
95,0	23,7	
95,2	24,5	
95,5	23,8	
95,8	24,3	
96,0	23,6	
96,2	24,6	
96,5	23,8	
96,8	24,1	
97,0	23,7	
97,2	24,4	
97,5	23,3	
97,8	24,4	
98,0	23,1	
98,2	24,2	
98,5	23,2	
98,8	24,2	
99,0	23,2	
99,2	24,1	
99,5	23,3	
99,8	24,4	
100,0	23,9	
100,2	24,4	
100,5	23,7	
100,8	24,5	
101,0	23,9	
101,2	24,1	
101,5	23,5	
101,8	24,2	
102,0	23,7	
102,2	24,9	
102,5	23,6	
102,8	24,1	
103,0	24,0	
103,2	24,3	
103,5	23,3	
103,8	24,2	
104,0	23,7	
104,2	24,2	
104,5	23,9	
104,8	24,7	
105,0	23,8	
105,2	24,5	
105,5	23,8	
105,8	24,4	
106,0	23,7	
106,2	24,8	
106,5	23,4	
106,8	24,8	
107,0	23,5	
107,2	24,8	
107,5	23,7	
107,8	24,3	
108,0	23,6	
108,2	24,7	
108,5	23,7	
108,8	24,0	
109,0	23,1	
109,2	24,4	
109,5	23,9	
109,8	24,4	
110,0	24,0	
110,2	25,1	
110,5	23,9	
110,8	24,5	
111,0	23,4	
111,2	24,4	
111,5	23,7	
111,8	24,1	
112,0	23,9	
112,2	24,2	
112,5	23,5	
112,8	24,8	
113,0	23,8	
113,2	24,5	
113,5	23,9	
113,8	24,5	
114,0	23,9	
114,2	25,0	
114,5	24,0	
114,8	24,4	
115,0	23,6	
115,2	24,8	
115,5	23,9	
115,8	25,1	
116,0	23,4	
116,2	25,0	
116,5	24,1	
116,8	25,0	
117,0	22,9	
117,2	24,4	
117,5	23,3	
117,8	24,8	
118,0	22,9	
118,2	24,6	
118,5	23,9	
118,8	24,9	
119,0	23,9	
119,2	24,6	
119,5	23,3	
119,8	24,7	
120,0	23,7	
120,2	25,1	
120,5	23,8	
120,8	24,4	
121,0	23,5	
121,2	24,5	
121,5	23,7	
121,8	24,8	
122,0	23,9	
122,2	25,1	
122,5	23,7	
122,8	24,3	
123,0	23,9	
123,2	24,7	
123,5	24,0	
123,8	24,8	
124,0	23,8	
124,2	24,4	
124,5	23,3	
124,8	24,4	
125,0	23,3	
125,2	24,7	
125,5	24,0	
125,8	24,7	
126,0	23,6	
126,2	24,8	
126,5	23,8	
126,8	24,8	
127,0	23,7	
127,2	24,8	
127,5	24,0	
127,8	24,3	
128,0	24,0	
128,2	24,7	
128,5	24,2	
128,8	24,8	
129,0	23,6	
129,2	24,9	
129,5	23,9	
129,8	24,5	
130,0	23,4	
130,2	24,8	
130,5	24,1	
130,8	24,7	
131,0	23,6	
131,2	24,4	
131,5	23,7	
131,8	25,0	
132,0	23,8	
132,2	24,7	
132,5	23,9	
132,8	24,4	
133,0	23,7	
133,2	25,0	
133,5	24,0	
133,8	24,8	
134,0	23,9	
134,2	24,9	
134,5	23,7	
134,8	25,3	
135,0	23,9	
135,2	24,7	
135,5	23,7	
135,8	24,5	
136,0	23,5	
136,2	24,6	
136,5	24,2	
136,8	24,8	
137,0	24,1	
137,2	24,8	
137,5	24,2	
137,8	24,7	
138,0	23,9	
138,2	24,9	
138,5	24,0	
138,8	24,8	
139,0	24,0	
139,2	25,0	
139,5	24,4	
139,8	25,4	
140,0	23,8	
140,2	24,7	
140,5	24,2	
140,8	24,7	
141,0	24,0	
141,2	25,4	
141,5	23,9	
141,8	24,9	
142,0	24,0	
142,2	24,8	
142,5	24,4	
142,8	24,6	
143,0	24,2	
143,2	24,7	
143,5	24,3	
143,8	24,8	
144,0	24,3	
144,2	24,8	
144,5	24,0	
144,8	24,5	
145,0	24,2	
145,2	24,7	
145,5	24,1	
145,8	25,1	
146,0	24,0	
146,2	25,1	
146,5	24,4	
146,8	24,9	
147,0	24,1	
147,2	24,9	
147,5	23,8	
147,8	25,7	
148,0	24,3	
148,2	25,5	
148,5	23,8	
148,8	25,3	
149,0	23,7	
149,2	25,1	
149,5	24,0	
149,8	24,9	
150,0	23,7	
150,2	25,3	
150,5	24,0	
150,8	24,9	
151,0	24,2	
151,2	24,7	
151,5	24,0	
151,8	24,7	
152,0	24,2	
152,2	24,9	
152,5	23,8	
152,8	24,7	
153,0	24,3	
153,2	25,1	
153,5	24,3	
153,8	25,3	
154,0	24,0	
154,2	24,8	
154,5	24,2	
154,8	25,5	
155,0	24,1	
155,2	25,4	
155,5	24,4	
155,8	25,2	
156,0	23,8	
156,2	25,9	
156,5	23,9	
156,8	25,2	
157,0	22,9	
157,2	25,5	
157,5	24,3	
157,8	25,4	
158,0	23,5	
158,2	25,4	
158,5	24,2	
158,8	25,6	
159,0	23,1	
159,2	25,8	
159,5	23,8	
159,8	25,8	
160,0	23,8	
160,2	25,2	
160,5	24,3	
160,8	25,2	
161,0	24,0	
161,2	24,8	
161,5	24,1	
161,8	24,8	
162,0	24,3	
162,2	24,7	
162,5	24,6	
162,8	24,7	
163,0	24,6	
163,2	24,8	
163,5	24,6	
163,8	24,7	
164,0	24,5	
164,2	24,7	
164,5	24,6	
164,8	24,7	
165,0	24,6	
165,2	24,7	
165,5	24,6	
165,8	24,8	
166,0	24,6	
166,2	24,6	
166,5	24,7	
166,8	24,6	
167,0	24,5	
167,2	24,7	
167,5	24,6	
167,8	24,7	
168,0	24,6	
168,2	24,7	
168,5	24,6	
168,8	24,7	
169,0	24,5	
169,2	24,7	
169,5	24,5	
169,8	24,6	
170,0	24,6	
170,2	24,7	
170,5	24,7	
170,8	24,7	
171,0	24,6	
171,2	24,7	
171,5	24,8	
171,8	24,8	
172,0	24,7	
172,2	24,7	
172,5	24,7	
172,8	24,8	
173,0	24,7	
173,2	24,8	
173,5	24,7	
173,8	24,8	
174,0	24,7	
174,2	24,8	
174,5	24,7	
174,8	24,8	
175,0	24,7	
175,2	24,8	
175,5	24,7	
175,8	24,9	
176,0	24,8	
176,2	24,7	
176,5	25,0	
176,8	24,6	
177,0	24,8	
177,2	24,4	
177,5	24,8	
177,8	24,5	
178,0	24,8	
178,2	24,3	
178,5	24,9	
178,8	25,4	
179,0	24,8	
179,2	25,3	
179,5	24,3	
179,8	24,5	
180,0	25,0	
180,2	24,6	
180,5	25,1	
180,8	24,4	
181,0	25,1	
181,2	24,7	
181,5	24,9	
181,8	23,8	
182,0	24,9	
182,2	24,7	
182,5	24,9	
182,8	24,1	
183,0	25,8	
183,2	24,2	
183,5	25,0	
183,8	24,4	
184,0	25,6	
184,2	24,4	
184,5	25,3	
184,8	24,5	
185,0	25,0	
185,2	24,4	
185,5	25,3	
185,8	24,7	
186,0	25,5	
186,2	24,4	
186,5	25,0	
186,8	24,4	
187,0	25,3	
187,2	24,2	
187,5	25,0	
187,8	24,3	
188,0	25,6	
188,2	24,0	
188,5	25,4	
188,8	24,1	
189,0	25,7	
189,2	24,1	
189,5	25,9	
189,8	24,4	
190,0	26,2	
190,2	24,2	
190,5	26,2	
190,8	24,4	
191,0	25,7	
191,2	23,9	
191,5	25,0	
191,8	24,5	
192,0	25,0	
192,2	23,7	
192,5	24,9	
192,8	24,9	
193,0	25,1	
193,2	25,0	
193,5	25,1	
193,8	24,9	
194,0	25,0	
194,2	24,8	
194,5	24,9	
194,8	24,8	
195,0	24,9	
195,2	24,8	
195,5	25,0	
195,8	24,8	
196,0	25,0	
196,2	24,8	
196,5	24,9	
196,8	24,8	
197,0	25,0	
197,2	24,9	
197,5	25,0	
197,8	24,9	
198,0	25,0	
198,2	24,9	
198,5	25,0	
198,8	24,8	
199,0	25,0	
199,2	24,9	
199,5	25,0	
199,8	24,8	
200,0	25,0	
200,2	25,0	
200,5	25,1	
200,8	24,9	
201,0	25,0	
201,2	25,0	
201,5	25,0	
201,8	25,0	
202,0	25,0	
202,2	24,9	
202,5	25,0	
202,8	25,0	
203,0	25,1	
203,2	25,0	
203,5	25,1	
203,8	25,2	
204,0	24,9	
204,2	24,8	
204,5	25,2	
204,8	25,3	
205,0	24,7	
205,2	25,3	
205,5	25,1	
205,8	24,8	
206,0	24,8	
206,2	25,0	
206,5	24,7	
206,8	25,0	
207,0	25,0	
207,2	24,9	
207,5	24,8	
207,8	25,0	
208,0	24,8	
208,2	25,5	
208,5	24,8	
208,8	25,8	
209,0	24,6	
209,2	25,9	
209,5	24,6	
209,8	25,4	
210,0	24,2	
210,2	25,5	
210,5	24,8	
210,8	25,5	
211,0	24,7	
211,2	25,1	
211,5	24,8	
211,8	25,7	
212,0	24,7	
212,2	25,3	
212,5	24,8	
212,8	25,2	
213,0	24,5	
213,2	25,2	
213,5	24,6	
213,8	25,8	
214,0	24,6	
214,2	25,6	
214,5	24,8	
214,8	25,6	
215,0	24,7	
215,2	26,0	
215,5	24,8	
215,8	25,8	
216,0	24,7	
216,2	26,0	
216,5	24,7	
216,8	25,9	
217,0	24,3	
217,2	25,5	
217,5	24,1	
217,8	26,0	
218,0	24,1	
218,2	25,8	
218,5	24,6	
218,8	25,8	
219,0	23,9	
219,2	25,9	
219,5	24,6	
219,8	25,3	
220,0	24,5	
220,2	25,7	
220,5	24,8	
220,8	25,5	
221,0	24,8	
221,2	25,8	
221,5	24,1	
221,8	26,0	
222,0	24,4	
222,2	25,7	
222,5	24,4	
222,8	26,0	
223,0	24,8	
223,2	25,7	
223,5	24,7	
223,8	25,8	
224,0	24,8	
224,2	25,5	
224,5	24,6	
224,8	26,1	
225,0	24,6	
225,2	25,5	
225,5	24,7	
225,8	26,4	
226,0	24,3	
226,2	26,3	
226,5	24,8	
226,8	25,7	
227,0	24,6	
227,2	25,8	
227,5	24,7	
227,8	26,5	
228,0	24,8	
228,2	26,9	
228,5	24,9	
228,8	25,9	
229,0	24,3	
229,2	26,3	
229,5	24,2	
229,8	25,9	
230,0	24,5	
230,2	26,0	
230,5	24,4	
230,8	26,0	
231,0	24,8	
231,2	25,7	
231,5	24,7	
231,8	25,9	
232,0	24,5	
232,2	26,0	
232,5	24,7	
232,8	25,4	
233,0	24,8	
233,2	25,4	
233,5	24,8	
233,8	25,4	
234,0	25,2	
234,2	25,4	
234,5	25,3	
234,8	25,4	
235,0	25,1	
235,2	25,4	
235,5	25,2	
235,8	25,5	
236,0	25,2	
236,2	25,4	
236,5	25,3	
236,8	25,4	
237,0	25,4	
237,2	25,4	
237,5	25,2	
237,8	25,4	
238,0	25,3	
238,2	25,4	
238,5	25,3	
238,8	25,5	
239,0	25,3	
239,2	25,5	
239,5	25,3	
239,8	25,4	
240,0	25,3	
240,2	25,4	
240,5	25,4	
240,8	25,4	
241,0	25,3	
241,2	25,4	
241,5	25,3	
241,8	25,3	
242,0	25,3	
242,2	25,4	
242,5	25,2	
242,8	25,4	
243,0	25,3	
243,2	25,4	
243,5	25,3	
243,8	25,5	
244,0	25,3	
244,2	25,4	
244,5	25,3	
244,8	25,5	
245,0	25,5	
245,2	25,5	
245,5	25,4	
245,8	25,6	
246,0	25,4	
246,2	25,5	
246,5	25,4	
246,8	25,5	
247,0	25,4	
247,2	25,6	
247,5	25,5	
247,8	25,6	
248,0	25,5	
248,2	25,5	
248,5	25,3	
248,8	25,5	
249,0	25,4	
249,2	25,5	
249,5	25,5	
249,8	25,5	
250,0	25,4	
250,2	25,5	
250,5	25,4	
250,8	25,6	
251,0	25,5	
251,2	25,6	
251,5	25,5	
251,8	25,7	
252,0	25,5	
252,2	25,6	
252,5	25,5	
252,8	25,6	
253,0	25,4	
253,2	25,6	
253,5	25,5	
253,8	25,6	
254,0	25,5	
254,2	25,6	
254,5	25,5	
254,8	25,6	
255,0	25,5	
255,2	25,6	
255,5	25,5	
255,8	25,6	
256,0	25,4	
256,2	25,7	
256,5	25,5	
256,8	25,6	
257,0	25,5	
257,2	25,6	
257,5	25,4	
257,8	25,6	
258,0	25,4	
258,2	25,5	
258,5	25,4	
258,8	25,7	
259,0	25,4	
259,2	25,6	
259,5	25,5	
259,8	25,7	
260,0	25,5	
260,2	25,7	
260,5	25,5	
260,8	25,7	
261,0	25,3	
261,2	25,7	
261,5	24,8	
261,8	25,7	
262,0	24,9	
262,2	26,1	
262,5	24,8	
262,8	26,5	
263,0	24,9	
263,2	26,1	
263,5	24,4	
263,8	26,1	
264,0	24,9	
264,2	26,5	
264,5	25,3	
264,8	26,4	
265,0	25,3	
265,2	26,7	
265,5	24,8	
265,8	26,9	
266,0	24,9	
266,2	26,7	
266,5	24,8	
266,8	26,5	
267,0	24,9	
267,2	25,8	
267,5	24,7	
267,8	26,6	
268,0	25,4	
268,2	26,1	
268,5	25,4	
268,8	26,0	
269,0	25,3	
269,2	26,4	
269,5	25,0	
269,8	26,1	
270,0	24,4	
270,2	26,8	
270,5	25,4	
270,8	26,1	
271,0	24,9	
271,2	25,8	
271,5	24,8	
271,8	25,9	
272,0	24,5	
272,2	26,2	
272,5	25,4	
272,8	26,2	
273,0	25,2	
273,2	25,9	
273,5	25,4	
273,8	26,6	
274,0	25,3	
274,2	26,1	
274,5	25,2	
274,8	26,0	
275,0	25,0	
275,2	26,0	
275,5	25,5	
275,8	25,8	
276,0	25,4	
276,2	26,1	
276,5	25,4	
276,8	25,9	
277,0	24,7	
277,2	26,1	
277,5	25,1	
277,8	26,1	
278,0	25,6	
278,2	26,0	
278,5	25,5	
278,8	26,1	
279,0	25,6	
279,2	25,9	
279,5	25,6	
279,8	25,8	
280,0	25,6	
280,2	25,6	
280,5	25,9	
280,8	25,9	
281,0	25,8	
281,2	25,9	
281,5	25,8	
281,8	25,9	
282,0	25,4	
282,2	26,0	
282,5	25,8	
282,8	25,2	
283,0	25,8	
283,2	25,7	
283,5	25,7	
283,8	25,7	
284,0	25,8	
284,2	25,8	
284,5	25,2	
284,8	25,7	
285,0	25,8	
285,2	25,8	
285,5	25,6	
285,8	25,7	
286,0	25,7	
286,2	25,7	
286,5	25,7	
286,8	25,8	
287,0	25,8	
287,2	25,7	
287,5	25,8	
287,8	25,6	
288,0	25,8	
288,2	25,8	
288,5	25,9	
288,8	25,7	
289,0	25,8	
289,2	25,8	
289,5	25,9	
289,8	25,8	
290,0	25,9	
290,2	25,8	
290,5	25,9	
290,8	25,8	
291,0	25,8	
291,2	25,8	
291,5	25,9	
291,8	25,8	
292,0	25,9	
292,2	25,8	
292,5	25,9	
292,8	25,8	
293,0	25,9	
293,2	25,8	
293,5	25,9	
293,8	25,7	
294,0	25,8	
294,2	25,8	
294,5	25,9	
294,8	25,8	
295,0	25,9	
295,2	25,9	
295,5	25,9	
295,8	25,8	
296,0	25,8	
296,2	25,8	
296,5	25,9	
296,8	25,8	
297,0	25,8	
297,2	25,8	
297,5	25,9	
297,8	25,8	
298,0	25,9	
298,2	25,8	
298,5	25,8	
298,8	25,8	
299,0	25,9	
299,2	25,8	
299,5	26,1	
299,8	25,8	
300,0	25,9	
300,2	25,8	
300,5	25,8	
300,8	25,8	
301,0	25,8	
301,2	25,8	
301,5	25,9	
301,8	25,8	
302,0	25,9	
302,2	26,1	
302,5	26,0	
302,8	25,8	
303,0	26,0	
303,2	25,8	
303,5	26,0	
303,8	25,8	
304,0	25,9	
304,2	25,8	
304,5	25,9	
304,8	25,9	
305,0	26,0	
305,2	25,9	
305,5	25,9	
305,8	25,9	
306,0	25,9	
306,2	25,9	
306,5	26,0	
306,8	25,9	
307,0	26,0	
307,2	25,9	
307,5	26,0	
307,8	25,9	
308,0	26,1	
308,2	25,9	
308,5	26,1	
308,8	25,9	
309,0	26,0	
309,2	26,0	
309,5	26,0	
309,8	26,0	
310,0	26,1	
310,2	26,0	
310,5	26,1	
310,8	26,0	
311,0	26,1	
311,2	26,0	
311,5	26,1	
311,8	26,0	
312,0	26,2	
312,2	26,0	
312,5	26,1	
312,8	26,1	
313,0	26,1	
313,2	26,0	
313,5	26,1	
313,8	26,0	
314,0	26,1	
314,2	26,0	
314,5	26,1	
314,8	26,1	
315,0	26,1	
315,2	26,0	
315,5	26,1	
315,8	26,0	
316,0	26,1	
316,2	26,0	
316,5	26,3	
316,8	26,1	
317,0	26,2	
317,2	26,1	
317,5	26,1	
317,8	26,1	
318,0	26,2	
318,2	26,1	
318,5	26,1	
318,8	26,1	
319,0	26,1	
319,2	26,0	
319,5	26,1	
319,8	25,9	
320,0	26,1	
320,2	26,0	
320,5	26,1	
320,8	26,2	
321,0	26,1	
321,2	26,0	
321,5	26,1	
321,8	26,1	
322,0	26,2	
322,2	26,1	
322,5	26,2	
322,8	26,1	
323,0	26,2	
323,2	26,1	
323,5	26,2	
323,8	26,1	
324,0	26,2	
324,2	26,1	
324,5	26,2	
324,8	26,1	
325,0	26,1	
325,2	26,1	
325,5	26,2	
325,8	26,2	
326,0	26,4	
326,2	26,1	
326,5	26,3	
326,8	26,2	
327,0	26,4	
327,2	26,2	
327,5	26,3	
327,8	26,2	
328,0	26,3	
328,2	26,2	
328,5	26,3	
328,8	26,2	
329,0	26,2	
329,2	26,1	
329,5	26,2	
329,8	26,1	
330,0	26,3	
330,2	26,2	
330,5	26,2	
330,8	26,2	
331,0	26,3	
331,2	26,2	
331,5	26,2	
331,8	26,2	
332,0	26,2	
332,2	26,1	
332,5	26,2	
332,8	26,2	
333,0	26,2	
333,2	26,2	
333,5	26,3	
333,8	26,2	
334,0	26,2	
334,2	26,2	
334,5	26,5	
334,8	26,2	
335,0	26,3	
335,2	26,2	
335,5	26,2	
335,8	26,1	
336,0	26,2	
336,2	26,1	
336,5	26,3	
336,8	26,1	
337,0	26,2	
337,2	26,1	
337,5	26,2	
337,8	26,1	
338,0	26,2	
338,2	26,1	
338,5	26,2	
338,8	26,2	
339,0	26,3	
339,2	26,2	
339,5	26,2	
339,8	26,2	
340,0	26,3	
340,2	26,2	
340,5	26,3	
340,8	26,2	
341,0	26,3	
341,2	26,2	
341,5	26,3	
341,8	26,2	
342,0	26,3	
342,2	26,3	
342,5	26,4	
342,8	26,2	
343,0	26,4	
343,2	26,2	
343,5	26,2	
343,8	26,1	
344,0	26,3	
344,2	26,2	
344,5	26,3	
344,8	26,2	
345,0	26,2	
345,2	26,2	
345,5	26,3	
345,8	26,3	
346,0	26,4	
346,2	26,3	
346,5	26,4	
346,8	26,3	
347,0	26,3	
347,2	26,3	
347,5	26,3	
347,8	26,3	
348,0	26,4	
348,2	26,2	
348,5	26,3	
348,8	26,2	
349,0	26,4	
349,2	26,2	
349,5	26,3	
349,8	26,2	
350,0	26,4	
350,2	25,7	
350,5	26,4	
350,8	25,9	
351,0	26,5	
351,2	25,8	
351,5	27,0	
351,8	25,7	
352,0	27,4	
352,2	25,5	
352,5	27,0	
352,8	25,7	
353,0	27,0	
353,2	25,5	
353,5	26,8	
353,8	25,6	
354,0	26,9	
354,2	25,6	
354,5	27,3	
354,8	24,9	
355,0	27,0	
355,2	24,9	
355,5	26,9	
355,8	26,0	
356,0	27,0	
356,2	26,2	
356,5	27,7	
356,8	25,7	
357,0	27,2	
357,2	25,6	
357,5	27,4	
357,8	26,1	
358,0	26,6	
358,2	25,7	
358,5	26,4	
358,8	25,9	
359,0	26,5	
359,2	25,5	
359,5	26,9	
359,8	25,5	
360,0	27,2	
360,2	25,9	
360,5	26,8	
360,8	25,8	
361,0	27,3	
361,2	26,3	
361,5	27,2	
361,8	26,4	
362,0	26,9	
362,2	26,0	
362,5	26,9	
362,8	25,7	
363,0	26,7	
363,2	25,8	
363,5	26,5	
363,8	26,1	
364,0	26,9	
364,2	26,2	
364,5	26,8	
364,8	26,3	
365,0	26,5	
365,2	26,2	
365,5	26,7	
365,8	25,9	
366,0	26,5	
366,2	26,5	
366,5	26,6	
366,8	26,5	
367,0	26,2	
367,2	26,5	
367,5	26,2	
367,8	26,2	
368,0	26,8	
368,2	26,2	
368,5	26,5	
368,8	26,1	
369,0	26,5	
369,2	26,4	
369,5	26,2	
369,8	26,3	
370,0	25,8	
370,2	26,9	
370,5	26,0	
370,8	26,5	
371,0	26,4	
371,2	26,4	
371,5	26,4	
371,8	26,5	
372,0	26,5	
372,2	26,5	
372,5	26,5	
372,8	26,6	
373,0	26,5	
373,2	26,6	
373,5	26,5	
373,8	26,6	
374,0	26,5	
374,2	26,5	
374,5	26,4	
374,8	26,5	
375,0	26,6	
375,2	26,6	
375,5	26,6	
375,8	26,5	
376,0	26,5	
376,2	26,6	
376,5	26,6	
376,8	26,6	
377,0	26,6	
377,2	26,6	
377,5	26,6	
377,8	26,6	
378,0	26,7	
378,2	26,7	
378,5	26,6	
378,8	26,7	
379,0	26,6	
379,2	26,6	
379,5	26,7	
379,8	26,7	
380,0	26,7	
380,2	26,7	
380,5	26,7	
380,8	26,8	
381,0	26,6	
381,2	26,7	
381,5	26,6	
381,8	26,7	
382,0	26,6	
382,2	26,7	
382,5	26,6	
382,8	26,7	
383,0	26,6	
383,2	26,7	
383,5	26,6	
383,8	26,6	
384,0	26,6	
384,2	26,6	
384,5	26,6	
384,8	26,7	
385,0	26,6	
385,2	26,7	
385,5	26,6	
385,8	26,6	
386,0	26,5	
386,2	26,6	
386,5	26,4	
386,8	26,8	
387,0	26,6	
387,2	26,6	
387,5	26,6	
387,8	26,6	
388,0	26,5	
388,2	26,6	
388,5	26,6	
388,8	26,6	
389,0	26,6	
389,2	26,7	
389,5	26,7	
389,8	26,6	
390,0	26,6	
390,2	26,6	
390,5	26,6	
390,8	26,6	
391,0	26,6	
391,2	26,7	
391,5	26,5	
391,8	26,7	
392,0	26,6	
392,2	26,7	
392,5	26,5	
392,8	26,6	
393,0	26,6	
393,2	26,6	
393,5	26,6	
393,8	26,6	
394,0	26,6	
394,2	26,7	
394,5	26,6	
394,8	26,7	
395,0	26,6	
395,2	26,8	
395,5	26,7	
395,8	26,8	
396,0	26,7	
396,2	26,7	
396,5	26,7	
396,8	26,8	
397,0	26,7	
397,2	26,7	
397,5	26,8	
397,8	26,8	
398,0	26,7	
398,2	26,8	
398,5	26,7	
398,8	26,8	
399,0	26,7	
399,2	26,8	
399,5	26,7	
399,8	26,8	
400,0	26,7	
400,2	26,8	
400,5	26,8	
400,8	26,7	
401,0	26,1	
401,2	26,7	
401,5	27,0	
401,8	26,4	
402,0	27,2	
402,2	26,6	
402,5	26,7	
402,8	26,9	
403,0	26,4	
403,2	26,8	
403,5	27,2	
403,8	26,6	
404,0	26,7	
404,2	26,4	
404,5	26,9	
404,8	27,1	
405,0	27,0	
405,2	26,7	
405,5	27,1	
405,8	26,3	
406,0	27,6	
406,2	26,3	
406,5	26,8	
406,8	26,4	
407,0	27,1	
407,2	26,8	
407,5	27,7	
407,8	27,1	
408,0	26,9	
408,2	27,5	
408,5	26,5	
408,8	26,3	
409,0	26,5	
409,2	26,8	
409,5	27,1	
409,8	26,3	
410,0	27,1	
410,2	26,7	
410,5	27,0	
410,8	27,2	
411,0	26,9	
411,2	26,9	
411,5	25,9	
411,8	26,8	
412,0	26,9	
412,2	26,4	
412,5	26,9	
412,8	26,7	
413,0	27,0	
413,2	26,7	
413,5	27,0	
413,8	26,0	
414,0	27,2	
414,2	26,3	
414,5	27,1	
414,8	26,7	
415,0	27,3	
415,2	26,1	
415,5	27,1	
415,8	26,6	
416,0	27,1	
416,2	26,5	
416,5	27,1	
416,8	26,6	
417,0	27,7	
417,2	26,6	
417,5	27,7	
417,8	26,5	
418,0	27,9	
418,2	26,7	
418,5	27,2	
418,8	26,4	
419,0	27,7	
419,2	26,5	
419,5	27,2	
419,8	26,7	
420,0	27,3	
420,2	26,7	
420,5	27,5	
420,8	26,9	
421,0	27,7	
421,2	26,7	
421,5	27,0	
421,8	26,7	
422,0	27,4	
422,2	26,8	
422,5	27,2	
422,8	26,8	
423,0	27,5	
423,2	26,6	
423,5	27,1	
423,8	26,7	
424,0	27,6	
424,2	26,2	
424,5	27,6	
424,8	26,5	
425,0	27,9	
425,2	25,8	
425,5	27,2	
425,8	26,2	
426,0	27,7	
426,2	26,7	
426,5	27,6	
426,8	26,3	
427,0	27,1	
427,2	26,2	
427,5	27,6	
427,8	25,7	
428,0	27,4	
428,2	26,2	
428,5	27,3	
428,8	26,2	
429,0	27,5	
429,2	26,1	
429,5	27,4	
429,8	26,7	
430,0	27,1	
430,2	26,4	
430,5	27,7	
430,8	26,2	
431,0	27,8	
431,2	26,2	
431,5	27,7	
431,8	26,7	
432,0	27,7	
432,2	26,3	
432,5	27,8	
432,8	26,2	
433,0	27,1	
433,2	26,4	
433,5	27,0	
433,8	26,9	
434,0	27,0	
434,2	26,9	
434,5	27,1	
434,8	26,9	
435,0	27,1	
435,2	26,9	
435,5	27,1	
435,8	26,9	
436,0	27,0	
436,2	27,0	
436,5	27,1	
436,8	27,0	
437,0	27,1	
437,2	26,9	
437,5	27,1	
437,8	27,0	
438,0	27,1	
438,2	27,1	
438,5	27,1	
438,8	27,0	
439,0	27,1	
439,2	27,0	
439,5	27,1	
439,8	27,0	
440,0	27,1	
440,2	26,9	
440,5	27,1	
440,8	27,1	
441,0	27,1	
441,2	27,0	
441,5	27,1	
441,8	27,0	
442,0	27,1	
442,2	27,0	
442,5	27,1	
442,8	26,9	
443,0	27,1	
443,2	26,9	
443,5	27,1	
443,8	27,0	
444,0	27,1	
444,2	27,0	
444,5	27,1	
444,8	27,0	
445,0	27,2	
445,2	27,0	
445,5	27,2	
445,8	27,0	
446,0	27,1	
446,2	27,1	
446,5	27,1	
446,8	27,1	
447,0	27,1	
447,2	27,1	
447,5	27,0	
447,8	27,0	
448,0	27,2	
448,2	27,1	
448,5	27,4	
448,8	26,8	
449,0	27,2	
449,2	27,0	
449,5	27,8	
449,8	27,2	
450,0	26,7	
450,2	27,3	
450,5	27,1	
450,8	27,4	
451,0	27,7	
451,2	27,5	
451,5	26,9	
451,8	27,6	
452,0	27,2	
452,2	26,7	
452,5	27,6	
452,8	27,2	
453,0	27,4	
453,2	27,1	
453,5	27,1	
453,8	27,3	
454,0	26,8	
454,2	27,6	
454,5	27,0	
454,8	27,6	
455,0	26,8	
455,2	27,7	
455,5	27,0	
455,8	27,6	
456,0	26,9	
456,2	27,2	
456,5	27,0	
456,8	27,5	
457,0	26,4	
457,2	27,6	
457,5	26,8	
457,8	27,3	
458,0	26,6	
458,2	27,7	
458,5	27,2	
458,8	27,8	
459,0	26,5	
459,2	28,0	
459,5	26,8	
459,8	27,6	
460,0	26,9	
460,2	27,4	
460,5	27,0	
460,8	27,6	
461,0	26,6	
461,2	27,5	
461,5	26,5	
461,8	28,0	
462,0	26,9	
462,2	27,6	
462,5	26,2	
462,8	27,3	
463,0	26,8	
463,2	28,0	
463,5	26,3	
463,8	27,6	
464,0	26,3	
464,2	27,8	
464,5	26,3	
464,8	28,2	
465,0	26,4	
465,2	28,0	
465,5	26,5	
465,8	28,0	
466,0	26,6	
466,2	28,0	
466,5	26,4	
466,8	28,1	
467,0	26,8	
467,2	27,9	
467,5	26,3	
467,8	27,9	
468,0	26,4	
468,2	27,8	
468,5	26,2	
468,8	28,2	
469,0	26,9	
469,2	27,5	
469,5	26,9	
469,8	27,8	
470,0	26,0	
470,2	27,3	
470,5	26,5	
470,8	27,3	
471,0	26,9	
471,2	27,3	
471,5	27,1	
471,8	27,3	
472,0	27,1	
472,2	27,3	
472,5	27,2	
472,8	27,2	
473,0	27,1	
473,2	27,2	
473,5	27,2	
473,8	27,2	
474,0	27,2	
474,2	27,2	
474,5	27,1	
474,8	27,2	
475,0	27,1	
475,2	27,2	
475,5	27,1	
475,8	27,3	
476,0	27,2	
476,2	27,3	
476,5	27,2	
476,8	27,3	
477,0	27,2	
477,2	27,2	
477,5	27,1	
477,8	27,3	
478,0	27,2	
478,2	27,3	
478,5	27,1	
478,8	27,2	
479,0	27,2	
479,2	27,3	
479,5	27,2	
479,8	27,3	
480,0	27,2	
480,2	27,3	
480,5	27,3	
480,8	27,3	
481,0	27,2	
481,2	27,4	
481,5	27,3	
481,8	27,4	
482,0	27,3	
482,2	27,4	
482,5	27,3	
482,8	27,4	
483,0	27,3	
483,2	27,4	
483,5	27,3	
483,8	27,4	
484,0	27,3	
484,2	27,5	
484,5	27,3	
484,8	27,4	
485,0	27,3	
485,2	27,4	
485,5	27,4	
485,8	27,4	
486,0	27,3	
486,2	27,4	
486,5	27,3	
486,8	27,4	
487,0	27,4	
487,2	27,7	
487,5	27,4	
487,8	27,5	
488,0	27,5	
488,2	27,6	
488,5	27,3	
488,8	27,5	
489,0	27,3	
489,2	27,3	
489,5	27,3	
489,8	27,6	
490,0	27,5	
490,2	26,8	
490,5	27,2	
490,8	27,2	
491,0	27,7	
491,2	27,7	
491,5	27,5	
491,8	27,6	
492,0	27,6	
492,2	27,6	
492,5	27,8	
492,8	27,3	
493,0	28,1	
493,2	27,7	
493,5	27,5	
493,8	27,6	
494,0	27,7	
494,2	27,5	
494,5	27,4	
494,8	27,4	
495,0	27,5	
495,2	27,0	
495,5	27,4	
495,8	27,5	
496,0	27,9	
496,2	27,4	
496,5	27,7	
496,8	27,4	
497,0	27,8	
497,2	28,0	
497,5	27,6	
497,8	27,6	
498,0	28,0	
498,2	27,7	
498,5	27,4	
498,8	27,2	
499,0	27,8	
499,2	27,9	
499,5	27,1	
499,8	27,4	
500,0	27,2	
500,2	27,3	
500,5	26,7	
500,8	27,2	
501,0	27,6	
501,2	27,3	
501,5	27,7	
501,8	27,0	
502,0	27,7	
502,2	26,9	
502,5	27,7	
502,8	27,2	
503,0	27,8	
503,2	27,2	
503,5	28,3	
503,8	27,0	
504,0	28,0	
504,2	27,0	
504,5	27,8	
504,8	27,0	
505,0	27,8	
505,2	27,2	
505,5	27,8	
505,8	27,2	
506,0	27,7	
506,2	27,1	
506,5	27,7	
506,8	27,3	
507,0	28,5	
507,2	27,2	
507,5	27,8	
507,8	26,6	
508,0	28,0	
508,2	27,3	
508,5	28,0	
508,8	27,3	
509,0	27,9	
509,2	27,1	
509,5	28,6	
509,8	27,1	
510,0	28,6	
510,2	27,2	
510,5	27,9	
510,8	27,4	
511,0	27,8	
511,2	27,0	
511,5	27,8	
511,8	27,3	
512,0	28,1	
512,2	26,9	
512,5	27,7	
512,8	27,5	
513,0	28,4	
513,2	27,2	
513,5	28,1	
513,8	27,2	
514,0	27,7	
514,2	27,0	
514,5	28,5	
514,8	26,8	
515,0	28,5	
515,2	27,0	
515,5	28,3	
515,8	27,1	
516,0	27,8	
516,2	26,7	
516,5	27,8	
516,8	27,6	
517,0	27,7	
517,2	27,6	
517,5	27,8	
517,8	27,7	
518,0	27,8	
518,2	27,7	
518,5	27,7	
518,8	27,7	
519,0	27,8	
519,2	27,6	
519,5	27,7	
519,8	27,6	
520,0	27,7	
520,2	27,6	
520,5	27,8	
520,8	27,7	
521,0	27,8	
521,2	27,7	
521,5	27,7	
521,8	27,6	
522,0	27,7	
522,2	27,5	
522,5	27,6	
522,8	27,6	
523,0	27,7	
523,2	27,6	
523,5	27,8	
523,8	27,7	
524,0	27,7	
524,2	27,6	
524,5	27,7	
524,8	27,7	
525,0	27,7	
525,2	27,6	
525,5	27,3	
525,8	27,9	
526,0	27,8	
526,2	27,5	
526,5	28,1	
526,8	28,4	
527,0	27,8	
527,2	27,7	
527,5	27,7	
527,8	28,0	
528,0	27,5	
528,2	28,1	
528,5	27,7	
528,8	27,9	
529,0	27,6	
529,2	28,5	
529,5	26,9	
529,8	28,0	
530,0	27,6	
530,2	28,0	
530,5	27,5	
530,8	28,6	
531,0	27,4	
531,2	28,0	
531,5	26,8	
531,8	28,4	
532,0	27,5	
532,2	28,7	
532,5	27,5	
532,8	28,3	
533,0	26,9	
533,2	28,2	
533,5	26,9	
533,8	28,3	
534,0	27,4	
534,2	27,9	
534,5	27,5	
534,8	28,2	
535,0	27,2	
535,2	28,4	
535,5	27,1	
535,8	28,3	
536,0	27,1	
536,2	28,9	
536,5	27,0	
536,8	28,6	
537,0	27,1	
537,2	28,3	
537,5	27,2	
537,8	28,0	
538,0	27,8	
538,2	28,0	
538,5	27,9	
538,8	28,0	
539,0	27,9	
539,2	28,1	
539,5	27,9	
539,8	28,0	
540,0	27,9	
540,2	28,1	
540,5	27,9	
540,8	28,1	
541,0	27,9	
541,2	28,0	
541,5	27,9	
541,8	28,0	
542,0	27,8	
542,2	27,9	
542,5	27,9	
542,8	28,0	
543,0	27,9	
543,2	28,1	
543,5	27,9	
543,8	28,1	
544,0	28,0	
544,2	28,0	
544,5	27,9	
544,8	28,0	
545,0	27,9	
545,2	27,9	
545,5	27,9	
545,8	28,0	
546,0	28,0	
546,2	28,0	
546,5	28,0	
546,8	28,0	
547,0	27,9	
547,2	28,0	
547,5	28,0	
547,8	28,0	
548,0	27,9	
548,2	28,0	
548,5	27,8	
548,8	27,9	
549,0	27,9	
549,2	27,3	
549,5	27,6	
549,8	27,8	
550,0	28,0	
550,2	27,7	
550,5	28,0	
550,8	27,7	
551,0	27,9	
551,2	28,0	
551,5	28,1	
551,8	28,0	
552,0	27,9	
552,2	27,7	
552,5	29,2	
552,8	27,1	
553,0	28,7	
553,2	27,5	
553,5	28,5	
553,8	27,6	
554,0	28,3	
554,2	27,5	
554,5	28,0	
554,8	27,5	
555,0	28,2	
555,2	27,7	
555,5	27,9	
555,8	27,4	
556,0	28,2	
556,2	27,2	
556,5	29,0	
556,8	27,6	
557,0	28,5	
557,2	27,6	
557,5	28,2	
557,8	27,4	
558,0	28,2	
558,2	27,7	
558,5	28,7	
558,8	27,5	
559,0	28,6	
559,2	27,6	
559,5	28,6	
559,8	26,7	
560,0	28,4	
560,2	27,4	
560,5	28,0	
560,8	26,8	
561,0	28,7	
561,2	26,7	
561,5	28,3	
561,8	27,3	
562,0	29,1	
562,2	27,2	
562,5	28,7	
562,8	27,2	
563,0	29,0	
563,2	26,7	
563,5	28,3	
563,8	27,5	
564,0	28,0	
564,2	27,8	
564,5	28,0	
564,8	27,8	
565,0	28,0	
565,2	27,9	
565,5	27,9	
565,8	27,9	
566,0	28,0	
566,2	27,9	
566,5	28,0	
566,8	27,8	
567,0	28,0	
567,2	27,9	
567,5	28,0	
567,8	27,9	
568,0	28,1	
568,2	27,9	
568,5	28,0	
568,8	27,9	
569,0	28,0	
569,2	27,9	
569,5	27,9	
569,8	27,9	
570,0	28,0	
570,2	27,9	
570,5	28,1	
570,8	27,9	
571,0	28,2	
571,2	27,9	
571,5	28,0	
571,8	27,8	
572,0	28,0	
572,2	28,0	
572,5	28,2	
572,8	28,0	
573,0	28,1	
573,2	28,0	
573,5	28,1	
573,8	27,9	
574,0	28,1	
574,2	28,0	
574,5	28,1	
574,8	28,0	
575,0	28,1	
575,2	28,0	
575,5	28,0	
575,8	28,0	
576,0	28,0	
576,2	27,9	
576,5	27,7	
576,8	27,9	
577,0	27,9	
577,2	27,8	
577,5	27,9	
577,8	27,7	
578,0	28,3	
578,2	28,1	
578,5	28,0	
578,8	28,3	
579,0	28,1	
579,2	28,2	
579,5	28,0	
579,8	28,0	
580,0	27,8	
580,2	28,4	
580,5	27,9	
580,8	28,5	
581,0	28,0	
581,2	28,5	
581,5	27,9	
581,8	28,3	
582,0	28,1	
582,2	28,3	
582,5	27,7	
582,8	28,9	
583,0	27,8	
583,2	28,6	
583,5	27,1	
583,8	28,2	
584,0	27,9	
584,2	28,3	
584,5	27,8	
584,8	28,6	
585,0	27,8	
585,2	28,7	
585,5	28,1	
585,8	28,9	
586,0	27,9	
586,2	28,8	
586,5	27,8	
586,8	28,6	
587,0	28,0	
587,2	28,5	
587,5	28,1	
587,8	28,6	
588,0	27,7	
588,2	29,0	
588,5	28,1	
588,8	28,6	
589,0	28,0	
589,2	29,0	
589,5	27,4	
589,8	29,0	
590,0	27,9	
590,2	28,7	
590,5	27,7	
590,8	28,9	
591,0	27,8	
591,2	28,6	
591,5	27,8	
591,8	28,5	
592,0	27,7	
592,2	28,7	
592,5	28,1	
592,8	28,2	
593,0	27,8	
593,2	28,9	
593,5	27,7	
593,8	28,6	
594,0	27,9	
594,2	29,1	
594,5	27,6	
594,8	28,8	
595,0	27,4	
595,2	28,7	
595,5	28,1	
595,8	28,5	
596,0	28,0	
596,2	28,8	
596,5	27,5	
596,8	28,5	
597,0	28,1	
597,2	28,6	
597,5	28,0	
597,8	28,8	
598,0	28,1	
598,2	28,8	
598,5	28,2	
598,8	28,7	
599,0	28,0	
599,2	28,9	
599,5	27,2	
599,8	28,8	
600,0	28,2	